19086
19085
16695
16694
16693
16692
16095
16087
15661
11908
11746
15706
19144
19105
19051
19014
18958
18957
18956
18951
18922
18913
17774
17773
17772
17771
17770
17769
17768
17767
17766
17765
17764
17763
17762
17761
17760
17759
17758
17757
17756
17755
17754
17753
16578
16577
16576
16575
16574
16573
16572
16571
16570
16569
16568
16567
16566
16565
16564
16563
16562
16561
16560
16559
16558
16557
16556
16555
16554
16553
16552
16551
16550
16549
16548
16547
16546
16545
16544
16543
16542
16541
16540
16539
16538
16537
16536
16535
16534
16533
16532
16531
16530
16529
16528
16527
16526
16525
16524
16523
16522
16521
16520
16519
16518
16517
16516
16515
16514
16513
16512
16511
16510
16509
16508
16507
16506
16505
16504
16503
16502
16501
16500
16499
16498
16497
16496
16495
16494
16493
16492
16491
16490
16489
16041
16039
15812
15688
15673
15632
15711
15628
15623
15618
15617
15614
15610
15609
15608
15607
15606
15588
15536
15528
15491
15485
15424
15401
15348
15335
15311
15253
15252
15251
15250
15249
15240
15237
15236
15208
15098
15095
15094
15086
15085
15084
15083
15082
15081
15080
15079
15051
14333
14332
14331
14330
14329
14328
14327
14326
14325
14324
14323
14322
14321
14320
14319
14318
14317
14316
14315
14314
14313
12805
12804
12803
12802
12735
12734
12733
12732
12731
12730
12729
12728
12727
12726
12725
12724
12723
12722
12721
12720
12719
12718
12717
12716
12715
12714
12712
12711
12710
12709
12708
12707
12706
12705
12704
12703
12702
12701
12700
12699
12698
12697
12696
12695
12694
12693
12692
12690
12689
12688
12687
12685
12684
12682
12681
12680
12679
12678
12677
12673
12672
12671
12670
12669
12668
12667
12666
12193
12085
11874
11793
11694
11635
11632
11630
11576
11570
11569
11548
11547
11545
11544
11533
11528
11527
11526
11525
11524
11520
11519
11510
11498
11474
11473
11472
11468
11465
11464
11463
11462
11461
11460
11459
11458
11457
11439
11404
11403
11402
11401
11257
11119
11125
11028
11012
11000
10996
10945
10944
10943
10942
10941
10879
10845
10826
10652
10651
10650
10647
10646
10644
10643
10639
10638
10637
10636
10635
10634
10633
10352
10351
10339
10338
10336
10335
10334
10331
10330
10329
10326
10325
10324
10323
10319
10316
10315
10314
10313
10312
10307
10306
10302
10300
10299
10298
10297
10296
10295
10294
10291
10280
10279
4012
4015
4016
4018
4020
4022
4025
4026
4028
4027
4030
9832
4034
4036
4038
4040
4042
4044
4048
4047
4050
4052
4053
9833
4058
9834
4061
9835
9836
4069
4071
4075
4078
4079
4081
4083
4084
4086
4087
4089
9837
4101
4103
4109
4110
9839
9840
4121
9841
9842
9843
9844
9845
9847
9846
4147
4270
4272
9930
9931
9932
9933
9934
9935
7361
7362
9936
7364
7365
9937
9938
9939
9940
9941
9942
9943
9944
9945
9946
19140
19124
19110
19034
19033
19012
19011
19010
19009
19008
19007
18946
18942
18905
18904
18903
18899
18898
17672
17671
17670
17669
17668
17667
17666
17665
17664
17663
17662
17661
17660
17659
17658
17657
17656
17655
17654
17653
17652
17651
17650
17649
17648
17647
17646
17645
17644
17643
17642
17641
17640
17639
17638
17637
17636
17635
17634
17633
17632
17631
17630
17629
17628
17627
17626
17625
17624
17623
17622
17621
17620
17619
17618
17617
17616
17615
17614
17613
17612
17611
17610
17609
17608
17607
17606
17605
17604
17603
17602
17601
17600
17599
17598
17597
17596
17595
17594
17593
17592
17591
17590
17589
17588
17587
17586
17585
17584
17583
17582
17581
17580
17579
17578
17577
17576
17575
17574
17573
17572
17571
17570
17569
17568
17567
17566
17565
17564
17563
17562
17561
17560
17559
17558
17557
17556
17555
17554
17553
17552
17551
17550
17549
17548
17547
17546
17545
17544
17543
17542
17541
17540
17539
17538
17537
17536
17535
17534
17533
17532
17531
17530
17529
17528
17527
17526
17525
17524
17523
17522
17521
17520
17519
17518
17517
17516
17515
17514
17513
17512
17511
17510
17509
17508
17507
17506
17505
17504
17503
17502
17501
17500
17499
17498
17497
17496
17495
17494
17493
17492
17491
17490
17489
17488
17487
17486
17485
17484
17483
17482
17481
17480
17479
17478
17477
17476
17475
17474
17473
17472
17471
17470
17469
17468
17467
17466
17465
17464
17463
17462
17461
17460
17459
17458
17457
17456
17455
17454
17453
17452
17451
17450
17449
17448
17447
17446
17445
17444
17443
17442
17441
17440
17439
17438
17437
17436
17435
16580
16579
16156
16155
16143
16142
16141
16079
16068
16067
16066
16065
16064
16063
16062
16061
16060
15691
15683
15681
15680
15679
15678
15656
15641
15640
15634
15537
15532
15529
15515
15514
15513
15510
15509
15508
15507
15506
15505
15504
15497
15496
15495
15494
15493
15490
15449
15402
15362
15314
15313
15304
15254
15232
15231
15230
15229
15199
13809
13808
13806
13805
13804
13803
13802
13801
13800
13799
13798
13797
13796
13795
13794
13793
13792
13791
13790
13789
13788
13786
13785
13784
13783
13782
13781
13780
13778
13776
13775
13774
13773
13772
13771
13770
13769
13768
13767
13766
13765
13764
13763
13762
13759
13758
13757
13756
13755
13754
13753
13752
13751
13750
13749
13748
13747
13746
13745
13744
13743
13742
13741
13740
13739
13738
13737
13736
13735
13734
13733
13732
13731
13730
13729
13728
13727
13726
13725
13724
13723
13722
13721
13720
13719
13718
13717
13716
13715
13714
13713
13712
13711
13710
13709
13708
13707
13706
13705
13704
13703
13702
13701
13700
13699
13698
13697
13696
13695
13694
13693
13692
13691
13690
13689
13688
13687
13686
13685
13684
13683
13682
13681
13680
13679
13678
13677
13676
13675
13674
13673
13672
13671
13670
13668
13667
13666
13665
13664
13663
13662
13661
13660
13659
13658
13657
13656
13655
13654
13653
13652
13651
13650
13649
13648
13647
13646
13645
13644
13643
13642
13641
13640
13639
13638
13637
13636
13635
13634
13633
13632
13631
13630
13629
13628
13627
13626
13625
13624
13623
13622
13621
13620
13618
13617
13616
13615
13614
13613
13612
13611
13610
13609
13608
13607
13606
13605
13604
13603
13602
13601
13600
13599
13598
13597
13596
13595
13594
13593
13592
13591
13590
13589
13588
13587
13586
13585
13584
13583
13582
13581
13580
12807
12806
12240
12239
12238
12236
12212
12211
12210
12209
12208
12207
12206
12199
12198
12197
12191
12190
12189
12188
12187
12164
12163
12162
12161
12160
12150
12147
12093
12023
11994
11818
11790
11725
11709
11680
11679
11678
11676
11670
11636
11560
11574
11573
11455
11454
11453
11448
11447
11446
11445
11444
11434
11433
11432
11431
11430
11426
11424
11423
11419
11415
11414
11413
11412
11411
11410
11409
11408
11407
11406
11405
11400
11399
11398
11397
11396
11395
11394
11391
11382
11381
11376
11375
11374
11373
11372
11371
11370
11335
11211
11170
11112
11111
11029
10975
10974
10882
10829
10544
10542
10538
10537
10536
10535
10533
10527
10526
10525
10524
10523
10522
10521
10519
10518
10517
10498
10497
10496
10495
10494
10492
10490
10489
10484
10483
10482
10481
10480
10479
10476
10466
10464
10463
10462
10461
10459
10457
10456
10455
10454
10453
10451
10445
10444
10443
10442
10440
10439
10438
10437
10436
10435
10434
10431
10430
10429
10428
10422
10421
10419
10418
10417
10416
10413
10412
10410
10409
10408
10407
10404
10058
10047
10046
4273
4274
4282
5315
5317
5319
5321
5323
5325
5326
5328
5330
5332
5337
5339
5338
5340
5341
5350
5349
5351
9866
5355
5356
5362
5364
5365
5366
5367
5370
9868
5376
5377
5380
5381
5383
5384
5386
5388
5391
5390
5395
5396
5397
5398
5399
5405
5406
5407
5408
5411
5412
5414
5416
5418
5419
5421
5425
5430
5433
5432
5435
5437
5440
5441
5443
5445
5447
5455
5463
5462
5465
5466
5467
5468
5469
5470
5471
5472
5473
5474
5475
5476
5480
5492
5493
5497
5499
5501
5505
5506
5508
9870
9871
9873
5515
5518
5519
5523
5527
5530
5532
5534
5537
5539
5542
9875
5545
5547
5550
5552
5553
5556
5559
5561
5563
5565
5569
5571
5572
5574
5575
5584
5585
5586
5587
5588
5589
5590
5591
5592
5593
5595
5596
5598
5600
5603
5608
5611
5612
5614
5616
5618
5620
5622
5624
5633
5635
5637
5640
5643
5646
5647
5650
5662
5664
5665
5663
5666
5671
5669
5670
5672
5673
5676
9878
5681
9881
5691
5693
9882
5709
5711
5712
5725
9883
9884
9885
9886
9887
5732
9889
9890
9891
5742
5746
5749
9892
5751
5769
5770
5788
5789
5791
5792
5797
5798
5799
5803
5810
5811
5816
5819
5824
5827
5830
5831
5835
5836
5838
5847
5849
5850
5851
5855
5858
5859
5860
5861
5865
5866
5867
9899
5874
5875
5877
5881
5882
5884
5885
5886
9903
5890
19106
19032
19021
19018
19017
19016
18883
18876
18872
17193
17192
17191
17190
17189
17188
17187
17186
17185
17184
17183
17182
17181
17180
17179
17178
17177
17176
17175
17174
17173
17172
17171
17170
17169
17168
17167
17166
17165
17164
17163
17162
17161
17160
17159
17158
17157
17156
17155
17154
17153
17152
17151
17150
17149
17148
17147
17146
17145
17144
17143
17142
17141
17140
17139
17138
17137
17136
17135
17134
17133
17132
17131
17130
17129
17128
17127
17126
17125
17124
17123
17122
17121
17120
17119
17118
17117
17116
17115
17114
17113
17112
17111
17110
17109
17108
17107
17106
17105
17104
17103
17102
17101
17100
17099
17098
17097
17096
17095
17094
17093
17092
17091
17090
17089
17088
17087
17086
17085
17084
17083
17082
17081
17080
17079
17078
17077
17076
17075
17074
17073
17072
17071
17070
17069
17068
17067
17066
17065
17064
17063
17062
17061
17060
17059
17058
17057
17056
17055
17054
17053
17052
17051
17050
17049
17048
17047
17046
17045
17044
17043
17042
17041
17040
17039
17038
17037
17036
17035
17034
17033
17032
17031
17030
17029
17028
17027
17026
17025
17024
17023
17022
17021
17020
17019
17018
17017
17016
17015
17014
17013
17012
17011
17010
17009
17008
17007
17006
16581
16078
16070
15871
15820
15806
15700
15699
15677
15660
15647
15535
15492
15426
15425
15355
15354
15345
15340
15325
15303
15226
15225
15224
15223
15058
15057
15056
15055
13343
13342
13341
13340
13339
13338
13337
13336
13335
13334
13333
13332
13331
13330
13329
13328
13327
13326
13325
13324
13323
13322
13321
13320
13319
13318
13317
13316
13315
13314
13313
13312
13311
13310
13309
13308
13307
13306
13305
13304
13303
13302
13301
13300
13299
13298
13297
13296
13295
13294
13293
13292
13291
13290
13289
13288
13287
13286
13285
13284
13283
13282
13281
13280
13279
13278
13277
13276
13275
13274
13273
13272
13271
13270
13269
13268
13267
13266
13265
13264
13263
13262
13261
13260
13259
13258
13257
13256
13255
13254
13253
13251
13249
13248
13247
13246
13245
13244
13243
13242
13241
13240
13239
13238
13237
13236
13235
13234
13233
13232
13231
13230
13229
13228
13227
13226
13225
13224
13223
13222
13221
13220
13219
13218
13217
13216
13215
13214
13213
13212
13211
13210
13209
13208
13207
13206
13205
13204
13203
13202
13201
13200
13199
13198
13197
13196
13195
13194
13193
13192
13191
13190
13189
13188
13187
13186
13185
13184
13183
13182
13181
13180
13179
13178
13177
13176
13175
13174
13173
13172
13171
13170
13169
13168
13167
13166
13165
13164
13163
13162
13161
13160
13159
13158
13157
12808
12302
12301
12235
12205
12204
12202
12196
12195
12194
12186
12177
12176
12175
12092
12091
12090
11761
11729
11728
11708
11707
11691
11688
11687
11512
11475
11390
11236
11142
10993
10399
10398
10397
10396
10395
10394
10393
4286
4672
4674
4676
4677
4678
4679
4680
4682
4683
4685
4687
4688
4690
4692
4694
4696
4698
4700
4702
4704
4706
4708
4710
4712
4714
4716
4718
4720
4722
4724
4726
4729
4730
4731
4742
4744
4743
4745
4746
4747
4748
4749
4750
4757
4758
4759
4760
4761
4762
4763
4765
4767
4768
4775
4777
4779
4782
4784
4786
4789
4795
4796
4797
4798
4799
4800
4801
4808
4809
4810
4807
4812
4814
4816
4817
4819
4821
4822
4823
4826
4827
4829
4831
4835
4837
4838
4841
4843
4845
4847
4849
4852
4853
4854
4856
4857
4859
4860
4862
4864
4866
4867
4870
4871
4873
4875
4877
4879
4881
4883
4885
4887
4888
4890
4892
4894
4898
4900
4902
4903
4904
4906
4909
4911
4913
4915
4917
4919
4921
4923
4925
4927
4930
4932
4934
4936
4937
4942
4944
4946
4948
4950
4953
4955
4957
4959
4963
4966
4968
4969
4971
4973
4975
4977
4979
4981
4983
4985
4987
4988
4990
4991
4993
4995
4997
4999
5000
5002
5004
5006
5008
5010
5012
5013
5015
5017
5020
5021
5022
5023
5024
5025
19206
19205
19122
19049
19048
18884
18074
18073
18072
18071
18070
18069
18068
18067
18066
18065
18064
18063
18062
18061
18060
18059
18058
18057
18056
18055
18054
18053
18052
18051
18050
18049
18048
18047
18046
18045
18044
18043
18042
18041
18040
18039
18038
18037
18036
18035
18034
18033
18032
18031
18030
18029
18028
18027
18026
18025
18024
18023
18022
18021
18020
18019
18018
18017
18016
18015
18014
18013
18012
18011
18010
18009
18008
18007
18006
18005
18004
18003
18002
18001
18000
17999
17998
17997
17996
17995
17994
17993
17992
17991
17990
17989
17988
17987
17986
17985
17984
17983
17982
17981
17980
17979
17978
17977
17976
17975
17974
17973
17972
17971
17970
17969
17968
17967
17966
17965
17964
17963
17962
17961
17960
17959
17958
17957
17956
17955
17954
17953
17952
17951
17950
17949
17948
17947
17946
17945
17944
17943
17942
17941
17940
17939
17938
17937
17936
17727
16583
16582
16132
16081
15875
15840
15836
15807
15751
15671
15650
15644
15635
15613
15423
15337
15319
15307
15048
14631
14630
14629
14628
14627
14624
14623
14622
14621
14620
14619
14617
14616
14615
14614
14613
14612
14611
14610
14609
14608
14607
14606
14605
14604
14603
14602
14601
14600
14599
14598
14596
14595
14594
14593
14592
14591
14590
14589
14588
14587
14586
14585
14584
14583
14582
14581
14580
14579
14578
14577
14576
14575
14574
14573
14572
14571
14570
14569
14568
14567
14566
14565
14564
14563
14562
14561
14560
14559
14558
14557
14556
14555
14554
14553
14552
14551
14550
14549
14548
14547
14546
14545
14544
14543
14542
14541
14540
14539
14538
14537
14536
14535
14534
14533
14532
14531
14529
14528
14525
14524
14523
14522
14521
14520
14519
14518
14517
14516
14515
14514
14513
14512
14511
14510
14509
14508
14507
14506
14505
14504
14503
14502
14501
14500
14499
12809
12311
12310
12309
12308
12215
12214
12200
12165
12101
12087
12100
12099
12098
12097
12096
12095
12094
11932
11879
11740
11689
11672
11626
11469
11422
11317
11316
11267
11266
11265
11264
11166
11165
10990
10989
10988
10690
10689
10685
10684
10683
10682
10681
10680
10679
10678
10677
10674
10673
10670
10669
10668
10667
10666
7736
9854
9853
7738
7740
7742
7748
7750
7752
7754
7756
7758
7760
7762
7766
7767
7769
7771
7773
7775
7776
7778
7780
7781
7787
7789
7791
7792
7794
7796
7798
7799
7800
7803
7804
7805
7806
7807
7809
7811
7813
7815
7817
7819
7821
7822
7824
7826
7828
7830
7832
7834
7836
7838
7839
7841
7843
7845
7847
7849
7851
7853
7855
7857
7859
7861
7863
7865
7867
7869
7871
7873
7875
7876
7877
7878
7880
7882
7884
7887
7889
7891
7893
7895
7900
7903
7906
7908
7911
7920
7921
7922
7924
7926
7931
7933
7934
7936
7939
7943
7944
7945
7946
7950
7952
7954
7956
7958
7960
7962
7964
7966
7968
7969
7971
7973
7977
7980
7981
7982
7984
7987
7989
7991
7993
7998
8000
8002
8004
8009
8011
8010
8012
8014
8019
8020
8021
8022
8023
8024
8026
8027
19125
19119
19118
19114
19109
19108
19005
19004
19003
19002
19001
19000
18999
18998
18997
18996
18995
18994
18993
18992
18991
18990
18989
18988
18987
18986
18985
18984
18983
18982
18981
18980
18979
18978
18977
18976
18975
18974
18973
18972
18970
18969
18968
18967
18966
18965
18964
18963
18961
18954
18950
18924
18391
18870
18390
18411
18410
18409
18408
18407
18406
18405
18404
18403
18402
18401
18400
18399
18398
18397
18396
18395
18394
18393
18392
18313
18312
18311
18310
18309
18308
18307
18306
18305
18304
18303
18302
18301
18300
18299
18298
18297
18296
18295
18294
18293
18292
18291
18290
18289
18288
18287
18286
18285
18284
18283
18282
18281
18280
18279
18278
18277
18276
18275
18274
18273
18272
18271
18270
18269
18268
18267
18266
18265
18264
18263
18262
18261
18260
18259
18258
18257
18256
18255
18254
18253
18252
18251
18250
18249
18248
18247
18246
18245
18244
18243
18242
18241
18240
18239
18238
18237
18236
18235
18234
18233
18232
18231
18230
18229
18228
18227
18226
18225
18224
18223
18222
18221
18220
18219
18218
18217
18216
18215
18214
18213
18212
18211
18210
18209
18208
18207
18206
18205
18204
18203
18202
18201
18200
18199
18198
16697
16696
16691
16690
16689
16688
16687
16686
16685
16684
16683
16682
16681
16680
16679
16678
16677
16675
16674
16673
16672
16671
16670
16669
16668
16667
16666
16665
16664
16663
16662
16661
16660
16659
16658
16657
16656
16655
16654
16653
16652
16651
16650
16649
16648
16647
16646
16645
16644
16643
16642
16641
16640
16639
16638
16637
16636
16585
16584
16153
16152
16151
16150
16149
16148
16147
16146
16042
15960
15928
15869
15830
15829
15808
15698
15649
15553
15642
15636
15630
15629
15590
15524
15259
15512
15511
15461
15448
15346
15317
15316
15220
15219
15198
15197
15196
15195
15194
15193
15192
15191
15190
15189
15188
15187
15186
15185
15184
15183
15182
15181
15180
15179
15178
15177
15176
15175
15174
15173
15172
15171
15170
15168
15167
15166
15165
15164
15163
15162
15161
15160
15159
15158
15157
15156
15155
15154
15153
15152
15151
15150
15149
15148
15147
15146
15145
15144
15143
15142
15141
15140
15139
15138
15137
15136
15135
15134
15133
15132
15131
15130
15129
15128
15127
15126
15125
15124
15123
15122
15121
15120
15119
15118
15117
15116
15115
15114
15113
15112
15111
15110
15109
15108
15107
15106
15105
15104
15103
15102
15101
15100
15038
14910
14908
14907
14906
14905
14904
14903
14902
14901
14900
14899
14898
14897
14896
14895
14894
14893
14892
14891
14890
14889
14888
14887
14886
14885
14884
14883
14882
14881
14880
14879
14878
14877
14876
14875
14874
14873
14872
14871
14870
14869
14868
14867
14866
14865
14864
14863
14862
14861
14860
14858
14857
14856
14855
14854
14853
14852
14851
14850
14849
14848
14847
14846
14845
14844
14843
14842
14841
14840
14839
14838
14837
14836
14835
14834
14833
14832
14831
14830
14829
14828
14827
14826
14825
14824
14823
14822
14821
14820
14819
14818
14817
14816
14815
14814
14813
14812
14811
14810
14809
14808
14807
14806
14805
14804
14803
14802
14801
14800
14799
14798
14797
14796
14795
14794
14793
14792
14791
14790
14789
14788
14787
14786
14785
14784
12811
12810
12801
12799
12796
12775
12773
12772
12769
12743
12741
12740
12234
12201
12174
12089
12006
11951
11915
11773
11749
11734
11690
11660
11639
11622
11621
11620
11619
11618
11617
11616
11615
11614
11613
11612
11611
11610
11609
11608
11607
11606
11605
11604
11603
11602
11601
11600
11599
11598
11597
11596
11595
11594
11593
11592
11577
11572
11571
11546
11534
11511
11507
11500
11452
11449
11393
11291
11380
11379
11343
11342
11341
11340
11326
11325
11311
11274
11235
11177
10880
10790
10789
10788
10787
10786
10782
10781
10780
10779
10778
10777
10776
10774
10773
10772
10771
10770
10769
10768
10767
10766
10765
10764
10763
10762
10761
10760
10759
10758
10757
10756
10752
10751
10750
10749
10748
10747
10746
10745
10744
10743
10742
10741
10740
10739
10738
10737
10736
10735
10734
10372
10370
10369
10368
10367
10366
10365
10364
10362
10361
10131
10130
10129
10093
10070
10069
10068
10067
10066
10055
4170
4172
4173
4176
4178
4180
4182
4184
4187
4188
4190
4191
4194
4195
4196
4197
4199
4202
4203
4204
4205
4206
4208
4210
4214
4216
4218
9848
4224
4226
4228
4230
4231
4233
4235
4238
4239
4240
4242
4244
9849
4247
4249
4251
4253
4257
4259
4263
4265
4268
4292
4293
8934
8935
8936
8939
8941
8943
8949
8957
8959
8963
8968
8972
8973
8975
8980
8996
10031
8999
9003
9005
9008
9010
9012
9020
9023
9026
9028
9029
9045
9049
9051
9052
9053
9054
9055
9057
9059
9060
9061
9064
9063
9065
9062
9067
9069
9070
9072
9074
9076
9077
9080
9081
9082
9084
9085
9086
9087
9090
9092
9091
9093
9099
9098
9101
9102
9105
9104
9111
9112
9119
9120
9121
9122
9123
9124
9125
10033
9135
9136
9137
9139
9155
9161
9163
9167
18937
18901
18900
18881
16103
18880
18879
18878
18877
15721
15299
13839
13821
13820
13819
13818
13817
12173
6052
5916
5917
5918
5919
5920
5922
5924
6848
12216
11513
11164
11163
11162
11149
11106
10994
10550
10549
10082
10081
5963
5964
5966
5968
5970
5977
5978
5981
5983
5985
5987
5989
5991
5993
5996
5998
6000
6002
6012
6014
6016
6018
9913
9914
9915
6025
6027
6029
6031
6033
6036
6035
6038
6041
6042
9916
6046
9917
9918
9919
9920
5897
5898
5932
5942
5944
6980
6982
6984
6986
6990
6992
11913
11647
11522
11451
11417
11008
10920
10816
10595
10861
10593
10592
10591
10590
10589
10854
10588
10556
10555
10554
10553
10552
10551
10283
10123
10121
10120
10085
10059
6845
6843
6842
6844
6841
6847
6304
6853
6854
6856
6860
6862
6864
6867
6869
6871
6873
6875
6878
6880
6882
6884
6886
6888
6895
6900
6904
6908
6911
6913
6916
9924
9925
6920
6926
6929
6931
6937
6939
6941
6943
6945
9926
6948
6951
6954
6955
6958
6959
6960
6962
6964
6966
6968
6970
6972
6973
6975
6977
6310
6311
6314
11774
11160
10999
10924
10895
10846
10631
10630
10629
10628
10627
10626
9911
5939
9910
8029
8154
8156
8158
8160
8162
8164
8165
8167
8169
8171
10020
8062
8064
8067
8069
8073
8076
8078
8079
8082
8086
8088
8090
10011
10012
8094
8096
8098
8102
8105
8106
8108
8109
8110
8111
8115
8117
10013
8123
8125
8127
8129
8131
8133
8135
8137
8139
8141
8143
10015
10016
10017
10018
10019
8180
8033
8035
8038
8040
8042
8044
8046
8048
8050
8408
8407
8403
8401
8397
8052
8054
8056
7346
11540
10710
10709
10708
10707
6298
8414
8418
8447
8449
8451
8453
8455
8459
8466
8468
8473
8489
8491
8493
8498
8502
8508
8510
8513
8515
8517
8521
8525
8527
8530
8420
8422
8392
8394
13856
11637
11624
11591
11590
11148
10946
10606
10605
10604
6294
10603
10602
10601
10600
10599
10598
5936
10597
6994
6996
6998
7000
7002
7004
7006
7008
7010
7012
7014
7016
7018
7020
7021
7023
7025
7027
7029
7030
7032
7036
7038
9927
7046
7048
7052
7055
7059
7063
7065
7067
7069
7071
7074
7075
7077
7080
9928
7417
11541
11509
11506
11097
10813
10812
10810
10809
10808
10807
10806
10805
10804
10803
10802
10801
10800
10799
10039
10038
10037
5946
5910
8428
8431
8434
8438
8437
8439
8440
8441
8476
8478
8480
8482
8484
8485
8486
8412
9434
9436
9437
9438
9439
9448
9451
9453
9457
9459
9463
9473
9474
9475
9479
9481
9483
9485
9487
9489
9491
9496
9498
9501
9502
9503
9504
9505
9506
9508
9421
9428
19132
19131
17839
17838
17837
17836
17835
17834
17833
17832
17831
17830
17829
17828
17827
17826
17825
17824
17823
17822
17821
17820
17819
17818
17817
17816
17815
17814
17813
17812
17811
17810
17809
17808
17807
17806
17805
17804
17803
17802
17801
17800
17799
17798
17797
17796
17795
17794
17793
17792
17791
17790
17789
17788
17787
17786
17785
17784
17783
17782
17781
17780
17779
17778
17777
17776
17775
17740
17739
17738
17737
17736
17735
17734
17733
17732
17731
17729
17687
17686
17685
17684
17683
17682
17679
17678
17675
17674
17673
17219
17218
17217
17216
17215
17214
17213
17212
17211
17210
17209
17208
17207
17206
17205
17204
17203
17202
17201
17200
17199
17198
17197
17196
17195
17194
16481
16480
16479
16478
16477
16476
16475
16474
16473
16472
16471
16163
16144
15925
15599
15597
15539
15538
15531
15530
15377
15241
15097
14399
14394
11143
14391
14390
14389
14387
14386
14385
14384
14383
14382
14381
14379
14378
14377
14375
14374
14373
14372
14371
14370
14369
14368
14367
14365
14364
14363
14362
14361
14360
14359
14354
14353
14352
14351
14350
14349
14348
14347
14346
14345
14344
14343
14342
14341
14340
14339
14338
14337
14053
11921
14052
14051
14050
11263
11646
14049
11586
14048
11585
14047
11584
14046
11583
14045
11582
13889
11581
13888
13887
13886
13885
13884
13883
13882
13881
13880
13878
13838
13837
13836
13835
13834
10125
13830
10124
13829
13826
13825
11521
7034
13822
6296
6300
13816
13815
13814
5906
13813
13812
13811
5935
13810
13510
13369
13368
13367
13366
13365
13364
6988
13360
13359
13358
13357
6306
13356
6925
13355
6302
13354
13353
13352
6023
13351
13350
13349
13348
13347
13346
13345
12665
12664
6978
12663
12662
12661
12660
5904
12659
12658
11917
11437
11416
11418
5235
5896
6309
6312
6313
19126
19043
19042
19041
18919
18445
18436
18435
18434
18432
18431
18430
18429
18428
18427
18426
18425
18424
18423
18422
18421
18420
18419
18418
18417
18416
18415
18414
18413
18412
18197
18196
18195
18194
18193
18192
18191
18190
18189
18188
18187
18186
18185
18172
18171
18170
18169
18168
18167
18166
18165
18164
18163
18162
18161
18160
18159
18158
18157
18156
18155
18154
17752
17751
17750
17749
17748
17747
17723
17722
17721
17720
17719
17718
17717
17716
17715
17714
17713
17712
17711
17710
17709
17690
17688
17681
17680
17677
17676
16145
16080
15842
15663
15595
15591
15403
15278
15330
15329
15328
15065
15029
11731
15028
11700
15026
15025
15024
15023
11249
15022
15021
15020
15019
15018
15017
15016
15015
15014
15013
15012
15011
15010
15009
15008
15007
15006
15005
14781
14780
14779
14778
14777
14776
14775
14774
14773
14772
14771
14770
14769
14744
14743
14742
14741
14740
14739
14738
14729
14728
14727
14724
14723
14722
14721
14720
14719
14718
14717
14716
14715
14714
14312
11930
14311
11031
14310
14309
9429
9427
9423
14308
14307
10927
10926
13873
10925
13872
13871
13870
13869
13868
13867
13866
13865
13864
13863
13862
13861
13860
13859
13833
13831
13828
13827
13824
13823
12312
11931
5933
8405
8399
5938
5950
7337
7339
7341
7343
7345
8114
10014
19102
18915
18886
18433
18153
18152
17730
17728
17708
17707
17706
17705
17704
17703
17702
17701
17700
17699
17698
17697
17696
17695
17694
17693
17689
16892
16891
16890
16886
16885
16884
16883
16882
16881
16880
16879
16878
16877
16876
16875
16874
16873
16872
16871
16870
16869
16868
16867
16866
16865
16864
16863
16862
16861
16860
16859
16858
16857
16856
16855
16854
15843
15837
15662
15611
15309
15308
15258
15027
14759
11686
11759
14758
14757
14756
14755
14754
14753
14752
14751
14750
14749
14747
8416
14746
14745
8463
8461
14712
14711
8506
13879
8531
13877
13858
13857
13853
13850
13849
13848
13847
6293
13846
13845
13844
13843
13842
13841
13832
13006
13005
13004
13003
13001
12999
5948
8393
12996
12994
12992
9425
12990
12989
12988
12987
12985
12984
12982
12981
12980
12979
12978
12977
19141
19121
19101
18962
18916
18906
18890
18885
17726
17724
16467
16466
16465
16464
16463
16462
16461
16460
16459
16458
16457
16456
16455
16454
16453
16452
16451
16450
16449
16448
16447
16446
16445
16444
16443
16442
16441
16440
16439
16438
16437
16436
16435
16434
16433
16432
16431
16430
16429
16428
16427
16426
16419
16307
16306
16305
16304
16303
16302
16301
16300
16299
16298
16297
16296
16295
16294
16293
16292
16291
16290
16289
16288
16287
16286
16285
16284
16283
16282
16281
16202
16201
16200
16199
16198
16197
16196
16195
16194
16193
16192
16191
16190
16189
16188
16187
16186
16185
16184
16183
16182
16181
16180
16179
16178
16177
16176
16175
16174
16173
16172
16171
16170
16169
16168
16165
15822
15658
15549
15379
15342
15286
15288
15301
15245
15243
15090
13875
12657
12656
12655
12654
12653
12652
12651
12650
12649
12648
12647
12646
12645
12621
12620
12619
12618
12617
12616
12615
12614
12613
12612
12611
12610
12609
12608
12566
12565
12564
12563
12562
12561
12560
12559
12558
12557
12556
12555
12554
12548
12445
12444
12443
12442
12441
12440
12439
12438
12437
12436
12435
12434
12433
12432
12431
12430
12429
12428
12427
12426
12425
12424
12423
12422
12421
12420
12419
12346
12345
12344
12343
12342
12341
12340
12339
12338
12337
12336
12335
12334
12333
12332
12331
12330
12329
12328
12327
12326
12325
12324
12323
12322
12321
12320
12304
12296
12295
12294
12293
12292
12291
12290
12289
12288
12287
12286
12266
12265
12264
12263
12262
12261
12260
12251
12249
12248
12246
12245
12217
11788
11760
11752
11750
11684
11683
11643
11562
11642
11531
11530
11497
11496
11471
11470
11290
11262
11256
11038
10931
10917
10836
10865
10835
10908
10239
10238
10237
10236
10235
10232
10231
10230
10217
10903
10216
10859
10182
10180
10179
10178
10177
10176
10175
10174
10173
10169
10168
10167
10166
10165
10164
10163
10162
10161
10160
10159
10158
10156
10146
10145
9723
9514
10143
10142
10117
10113
10114
10115
10116
10071
10064
10063
10062
10061
3113
3115
3116
3119
3121
3123
3125
3127
3129
3131
3132
3133
3135
3136
3137
3138
3139
3140
3145
3144
3149
3150
3152
3153
3155
3156
3158
3160
3162
9729
3165
9730
9731
9732
9733
3172
3177
3179
9734
9735
3183
3185
3187
3193
3194
3196
9737
9738
9739
9740
3202
3203
3204
3205
3206
3381
3380
3383
3385
3387
3389
3390
3391
3410
3412
3413
3414
3415
3416
3418
3421
3422
3424
3426
3428
3430
3431
3432
3433
3434
3435
3437
3439
3458
3459
3460
3461
3462
3463
3464
3465
3466
3798
3800
9807
9808
3807
9811
3812
3836
3837
3839
3849
3850
3848
3855
3861
3865
3866
3868
3870
3871
9818
3877
3879
3880
3885
9819
3888
3890
3892
3893
3896
3899
3910
3909
9820
3912
9821
9822
9823
9824
9825
9826
6086
16397
16396
16395
16394
16393
16392
16391
16390
16389
16388
16387
16386
16385
16384
16383
16382
16381
16380
16379
16378
16238
16237
16236
16235
16234
16233
16232
16231
16230
16229
16228
16227
16226
16225
16224
16223
16222
16221
16220
16219
16218
16217
16216
16215
16214
16213
16212
16211
16210
16209
16208
16207
16206
16205
16204
16203
16167
16166
16135
15569
12527
12526
12525
12524
12523
12522
12521
12520
12519
12518
12517
12516
12515
12514
12513
12512
12511
12510
12509
12508
12507
12506
12382
12381
12380
12379
12378
12377
12376
12375
12374
12373
12372
12371
12370
12369
12368
12367
12366
12365
12364
12363
12362
12361
12360
12359
12358
12357
12356
12355
12354
12353
12352
12351
12350
12349
12348
12347
12319
12318
12283
12256
12255
12254
12253
12243
11536
11501
11350
10815
10207
10206
10149
10147
10078
10077
10076
10075
3211
3213
9741
3216
3218
3220
3222
3224
3232
3231
3235
3236
3238
9742
3242
3244
3246
3248
3250
3253
3255
3258
3262
3265
3266
3267
3268
3272
3273
3274
3275
3276
3269
3270
3271
3277
3680
3682
9795
3686
3688
3690
3695
3694
3700
3699
3711
3702
9796
3706
3708
3709
3713
3715
3717
3719
3721
3728
3733
3732
3734
3735
3736
3737
3738
3739
3740
19136
19036
18955
18902
16280
16279
16278
16277
16276
16275
16274
16273
16272
16271
16270
16269
16268
16267
16266
16265
16264
16263
16262
16261
16260
16259
16258
16257
16256
16255
16254
16253
16252
16251
16250
16249
16248
16247
16246
16245
16244
16243
16242
16241
16240
16239
15653
15357
15344
12418
12417
12416
12415
12414
12413
12412
12411
12410
12409
12408
12407
12406
12405
12404
12403
12402
12401
12400
12399
12398
12397
12396
12395
12394
12393
12392
12391
12390
12389
12388
12387
12386
12385
12384
12383
12259
12258
11956
11742
11737
11580
11429
11388
11378
11275
11261
11161
11110
10883
10154
10153
10151
3279
3283
3285
3287
3289
3291
3299
3295
3294
3297
3303
3305
3307
3313
3312
3314
3317
3320
3321
3325
3324
3329
3328
3332
3333
3335
3337
3340
3342
3344
3347
3346
3353
3352
3356
3357
3358
3359
3367
3369
3370
3371
3372
10102
3373
3374
3375
3376
16332
16331
16330
16329
16328
16327
16326
16325
16324
16323
16322
16321
16320
16319
16318
16317
16316
16315
16314
16313
16312
16311
15255
15365
15364
12466
12465
12464
12463
12462
12461
12460
12459
12458
12457
12456
12455
12454
12453
12452
12451
12450
12267
3481
3482
3484
3485
3487
3489
3491
3493
3496
3495
3499
3501
3503
3505
3507
3511
3514
3516
3518
3520
3522
9762
9765
9766
9767
3530
3531
9768
9769
9770
9771
9772
9761
18936
18935
18934
18933
18932
16101
18931
18930
18929
18928
18927
18926
18925
18893
18892
18891
16377
16376
16375
16374
16373
16372
16371
16370
16369
16368
16367
16366
16365
16364
16363
16362
16361
16360
16359
16358
16357
16356
16355
16354
16353
16352
16351
16350
16349
16348
15867
15077
15076
15075
15074
15073
15072
15071
15070
15069
15068
15067
15066
12505
12138
12504
12503
12502
12501
12500
12499
12498
12497
12496
12495
12494
12493
12492
12491
12490
12489
12488
12487
12486
12485
12484
12483
12482
12481
12480
12479
12282
12281
12280
12279
12278
12277
12276
12275
12274
12273
12272
12271
12270
11704
11703
11702
11168
11167
11153
10955
10893
10201
10200
10198
10197
10196
10195
10192
10191
10189
3579
3581
3583
3585
3587
3591
3593
3594
3595
3597
3600
3602
3606
3605
3609
3611
3614
3616
9780
3619
3621
3622
3626
3637
3639
3641
3643
3645
3647
3648
3652
3656
3658
3665
3664
9786
9789
9792
9782
9783
9784
9785
9787
9788
9790
9791
9794
19100
19025
16425
16424
16423
16422
16421
16420
16418
16417
16416
16415
16414
16413
16412
16411
16410
16409
16408
16407
16406
16405
16404
16403
16402
16401
16400
16399
16398
16347
16346
16345
16344
16343
16342
16341
16340
16339
16338
16337
16336
16335
16334
16333
16310
16309
16308
16136
16134
15823
15752
15686
15592
15310
12553
12552
12551
12550
12549
12547
12546
12545
12544
12543
12542
12541
12540
12539
12538
12537
12536
12535
12534
12533
12532
12531
12530
12529
12528
12478
12477
12476
12475
12474
12473
12472
12471
12470
12469
12468
12467
12449
12448
12447
12446
12284
12269
12268
11812
11732
11543
11542
11537
11532
11518
11491
11436
11181
10962
10215
10214
10213
10211
10208
10186
10185
3468
9752
3471
3473
9755
9756
9757
9753
9754
9758
9774
3540
3544
3543
3546
3548
3550
3551
3553
3556
3559
3561
3563
9775
3566
9776
3569
3571
9777
3574
3575
3576
3577
3742
3744
9773
3746
3748
3750
3752
3754
3756
3759
9798
9799
9800
9802
9801
3765
9803
3769
3771
3774
3776
3780
3783
3784
3786
3788
3795
3794
3796
3819
3818
3822
3821
3824
3831
3830
3832
3833
19113
16706
16705
16704
16703
16702
16701
16700
16699
16698
16470
16469
16468
16164
16133
15572
15450
16126
15302
15205
15093
15091
12317
12316
12315
11794
11721
11535
10139
10138
9517
9521
9699
9701
9703
18943
16162
16161
16014
16013
16012
16011
16010
16009
16008
16007
16006
16005
16004
16003
16002
16001
15999
16000
15998
15997
15995
15994
15993
15992
15991
15990
15989
15988
15987
15986
15985
15984
15983
15982
15981
15980
15979
15978
15977
15976
15975
15974
15973
15972
15971
15970
15969
15968
15967
15966
15965
15964
15963
15959
15958
15957
15956
15955
15954
15953
15952
15951
15950
15949
15948
15947
15946
15944
15943
15942
15941
15940
15939
15938
15937
15936
15935
15934
15933
15932
15931
15930
15929
15873
15872
15835
15675
15652
15651
15637
15464
15447
15446
15445
15444
15443
15442
15441
15440
15439
15438
15437
15436
15435
15434
15433
15432
15431
15430
15429
15428
15427
15356
12307
12306
12305
12242
12233
12232
12231
12230
12229
12228
12227
12226
12225
12224
12223
12222
12221
12220
12219
12218
12185
12182
12181
12180
12179
12148
12084
12083
12082
12081
12080
12079
12078
12077
12076
12075
12074
12073
12072
12071
12070
12069
12068
12067
12066
12065
12064
12063
12062
12061
12060
12059
12058
12057
12056
12055
12054
12053
12052
12051
12050
12049
12048
12047
12046
12045
12044
12043
12042
12041
12040
12027
12026
12025
12024
12005
12004
12003
12002
12001
12000
11999
11998
11997
11996
11995
11993
11992
11991
11990
11925
11924
11914
11895
11894
11893
11892
11891
11890
11889
11888
11887
11886
11885
11884
11883
11882
11881
11324
11323
11232
11231
11230
11229
11228
11227
11226
11225
11224
11223
11222
11221
11220
11219
11218
11217
11216
11215
7419
7420
9948
9947
9949
9950
9952
9951
9953
9954
9955
9956
9957
9958
9959
9960
9961
9962
9963
9964
9965
9966
9969
9968
9967
9970
9971
9972
9973
9974
9975
9976
9977
9978
9979
9980
9981
9982
7421
9983
9984
9985
7422
7423
7424
7425
7426
7427
7430
7429
7428
9986
9987
9988
7431
7432
7433
7435
7434
9990
9991
9989
7437
7436
7439
7438
7440
7441
7442
7443
7445
7444
9992
9993
9994
9995
9996
9997
9998
9999
10000
10001
10002
10003
10004
10005
10006
10007
10008
7446
10009
11322
12950
11744
11499
11466
11440
11259
10887
10884
10057
10056
4413
4442
4460
4462
4477
4484
4488
4492
4494
4495
4498
4499
4500
4501
4502
4503
4504
4505
4506
4507
4508
4562
4563
4564
4565
4567
4568
4569
4570
4571
4572
4573
4574
4575
4578
4579
4580
4581
6089
6095
6150
6151
6154
6242
6244
6246
6247
6249
6274
6276
6283
6285
6287
6105
6109
6113
6117
6118
6126
6129
6132
6135
6138
11681
11633
11331
10886
4419
4421
4422
4426
4427
4444
4450
4452
4456
4509
4510
4511
4512
4513
4514
4515
4516
4517
4518
4519
4520
4521
4522
4523
4524
4525
4526
4527
4528
4530
4529
4576
4577
6093
6094
6220
6221
6225
6226
6228
6230
6231
6233
6235
6237
6239
6173
6175
6177
6180
6181
6184
6185
6190
6191
6193
6194
6198
6200
6205
6206
6209
6210
6213
6214
6217
6290
6291
12012
11332
11105
11013
10661
4431
4436
4446
4464
4466
4468
4531
4532
4533
4534
4535
4536
4537
4538
4539
4540
4541
4542
4543
4544
4545
4546
4547
4548
4551
4552
4553
4554
4555
4556
4557
4558
4559
4560
4561
4582
9860
7660
7663
7666
7670
7672
7674
7676
7678
7683
7685
7687
7689
7692
7694
7706
7708
7714
7716
7721
7724
7732
7733
11659
11539
11538
11523
11329
11328
11327
11233
11147
10888
10697
10696
4364
4365
4408
4410
4429
4433
4434
4438
4440
4448
4458
4470
4497
4472
4473
4474
4475
4478
4479
4480
4481
4482
4483
4485
4486
4487
4489
4490
4491
4493
4549
4550
4587
4588
8354
8358
8360
8362
8364
8365
8367
8369
8371
8381
8385
8387
8389
19031
19029
19027
19026
18947
18940
18914
18907
18894
17407
16853
16847
16846
16813
16812
16811
16810
16809
16807
16805
16804
16802
16801
16799
16798
16797
16796
16795
16794
16793
16792
16791
16790
16789
16788
16787
16786
16785
16784
16783
16782
16781
16780
16779
16778
16777
16776
16727
16726
16725
16722
16721
16717
16715
16713
16712
16711
16710
16708
16138
16137
16077
15874
15811
15466
12959
15465
13542
15246
12958
15324
12965
12910
15323
12909
12942
12908
12941
12814
12940
12907
12939
12818
12938
12906
12937
12819
12936
12905
12935
12820
12934
12904
12933
12821
12932
12903
12929
12822
12928
12902
12927
12824
12926
12901
12925
12826
12924
12900
12923
12830
12922
12899
12921
12833
12920
12898
12919
12834
12918
12897
12917
12835
12916
12896
12915
12845
12914
12895
12913
12887
12912
12894
12911
12888
12893
12889
12892
12890
12891
19028
18960
18959
18923
18895
16852
16845
16844
16843
16842
16841
16840
16839
16838
16837
16836
16835
16834
16833
16832
16831
16830
16829
16828
16827
16826
16825
16824
16823
16822
16821
16820
16819
16816
16815
16814
16808
16800
16765
16758
16756
16753
16749
16742
16741
16733
16732
16731
16723
16720
16709
15924
15631
15222
12964
12817
12963
12823
15368
12962
12961
12829
12960
12837
12838
12839
12957
12840
12956
12841
12955
12851
12954
12852
12953
12858
12952
12860
12951
12864
12867
12949
12869
12948
12871
12947
12876
12946
12877
12945
12878
12944
12879
12943
12880
12886
12881
12885
12882
12884
12883
19006
16851
19063
16850
16849
16848
16818
16817
16806
16803
16775
16774
16773
16772
16771
16770
16769
16768
16767
16766
16764
16763
16762
16761
16760
16759
16757
16755
16754
16752
16751
16750
16748
16747
16746
16745
16744
16743
16740
16739
16738
16737
16736
16735
16734
16730
16729
16728
16724
16719
16718
16716
16714
16707
15349
11872
12931
11873
12930
12815
12875
12816
12874
12825
12873
12827
12872
12828
12870
12832
12868
12836
12866
12842
12865
12846
12863
12847
12862
12848
12861
12849
12859
12850
12857
12853
12856
12854
12855
19227
19226
19204
19134
15825
15741
15824
15765
15764
15758
15684
15534
15369
15279
15320
15087
12844
11831
11719
11667
9859
19137
19040
19039
19038
19037
19019
18184
18183
18181
15502
15501
15500
15499
15032
15031
14760
11377
8716
8722
8721
9719
19052
18888
18092
18091
18090
18089
18088
18087
18086
18085
18084
18083
18082
18081
18080
18079
18078
18077
18076
18075
15702
15378
14657
14654
15916
14653
14652
14648
14647
14646
14645
14644
14643
14642
14641
14640
14639
14638
14637
14636
14635
14634
14633
13876
11916
10881
10795
10794
10793
10792
10791
10385
10384
4393
4397
4402
4343
4345
4347
4349
4351
4355
4356
6087
8218
8219
8220
8221
8222
8223
8224
8225
9358
9359
9360
9364
9367
9372
19024
18953
18944
18921
16093
18912
18911
18875
16102
18180
17935
17934
17933
17932
17931
17930
17929
17928
17927
17926
17925
17924
17923
17922
17921
17920
17919
17918
17917
17916
17915
17914
17913
17912
17911
17910
17909
17908
17907
17906
17905
17904
17903
17902
17901
17900
17899
17898
17897
17896
17895
17894
17893
17892
17891
17890
17889
17888
17887
17886
17885
17884
17883
17882
17881
17880
17879
17878
17877
17876
17875
17874
17873
17872
17871
17870
17869
17868
17867
17866
17865
17864
17863
17862
17861
17860
17859
17858
17857
17856
17855
17854
17853
17852
17851
17850
17849
17848
17847
17846
17845
17844
17843
17842
17841
17840
15839
15838
15753
15646
15619
15363
15059
12013
12106
12107
12108
12109
12110
12111
12112
14768
14632
14498
14497
14496
14495
14494
14493
14492
14491
14490
14489
14488
14487
14486
14485
14484
14483
14482
14481
14480
14479
14478
14477
14476
14475
14474
14473
14472
14471
14470
14469
14468
14467
14466
14465
14464
14463
14462
14461
14460
14459
14458
14457
14456
14455
14454
14453
14452
14451
14450
14449
14448
14447
14446
14445
14444
14443
14442
14441
14440
14439
14438
14437
14436
14435
14434
14433
14432
14431
14430
14429
14428
14427
14426
14425
14424
14423
14422
14421
14420
14419
14418
14417
14416
14415
14414
14413
14412
14411
14410
14409
14408
14407
14406
14405
14404
14403
14402
14401
14400
12203
11846
11845
11844
11843
11682
11677
11476
11428
11427
11107
11032
10987
10986
10985
10984
10983
10982
10981
10980
10979
10978
10977
10654
7448
7450
7452
7454
7456
7458
7460
7462
7464
7466
7468
7470
7472
7474
7476
7478
7480
7482
7484
7486
7488
7493
7495
7497
7499
7501
7503
7505
7507
7509
7511
7513
7515
7517
7519
7521
7523
7524
7526
7528
7531
7536
7537
7541
7540
7543
7546
7547
7548
7550
7552
7554
7556
7558
7561
7563
7565
7567
7568
7569
7570
7571
7572
7573
7576
7577
7578
7579
7580
7581
7582
7583
7584
7585
7586
7587
7588
7589
7590
7591
7592
7593
7594
7595
7596
7600
7603
7605
7607
7610
7613
7615
7617
7621
7622
7623
7624
7625
7626
7627
7628
7630
7631
7635
7636
7637
7639
7640
7641
7647
8744
18182
18179
18151
18150
18149
18148
18147
18146
18145
18144
18143
18142
18141
18140
18139
18138
18137
18136
18135
18134
18133
18132
18131
18130
18129
18128
18127
18126
18125
18124
18123
18122
18121
18120
18119
18118
18117
18116
18115
18114
18113
18112
18111
18110
18109
18108
18107
18106
18105
18104
18103
18102
18101
18100
18099
18098
18097
18096
18095
18094
18093
15841
15659
15620
15341
15280
15285
15213
14990
14989
14767
14761
14710
14709
14708
14707
14706
14705
14704
14703
14702
14701
14700
14699
14698
14697
14696
14695
14694
14693
14692
14691
14690
14689
14688
14687
14686
14685
14684
14683
14682
14681
14680
14679
14678
14677
14676
14675
14674
14673
14672
14671
14670
14669
14668
14667
14666
14665
14664
14663
14662
14661
14660
14659
14658
11549
11033
10694
10692
10691
8227
8229
8231
8233
8235
8237
8239
8241
8243
8245
8246
8248
8249
8251
8253
8255
8257
8259
8261
8263
8265
8267
8269
8271
8272
8274
8276
8278
8280
8282
8284
8286
8287
8289
8291
8292
8295
8297
8302
8305
8307
8309
8310
8312
8317
8319
8321
8322
8323
8326
8327
8718
8740
8741
9352
9355
8298
8303
19143
19103
19015
18941
18896
18178
18177
17329
17005
17004
17003
17002
17001
17000
16999
16998
16997
16996
16995
16994
16993
16992
16991
16990
16989
16988
16987
16986
16985
16984
16983
16982
16981
16980
16979
16978
16977
16976
16975
16974
16973
16972
16971
16970
16969
16968
16967
16966
16965
16964
16963
16962
16961
16960
16959
16958
16957
16956
16955
16954
16953
16952
16951
16950
16949
16948
16947
16946
16945
16943
16942
16941
16940
16939
16938
16937
16936
16935
16934
16933
16932
16931
16930
16929
16928
16927
16926
16925
16924
16923
16922
16921
16920
16919
16918
16917
16916
16915
16914
16913
16912
16911
16910
16909
16908
16907
16906
16905
16904
16903
16902
16901
16900
16899
16898
16897
16896
16895
16894
16893
16139
15878
15831
15809
15757
15756
15648
15615
15596
15593
15586
15585
15382
15381
15380
15370
15358
15339
15238
15228
15216
15215
15210
15209
15203
15054
15050
14766
14765
13468
13154
13153
13152
13151
13144
13141
13140
13138
13137
13136
13135
13134
13133
13132
13130
13129
13127
13125
13123
13122
13120
13119
13117
13116
13114
13113
13112
13111
13110
13109
13108
13106
13104
13102
13101
13099
13098
13097
13096
13095
13094
13093
13091
13090
13089
13088
13087
13086
13085
13083
13082
13081
13080
13079
13078
13077
13076
13075
13074
13073
13072
13071
13070
13069
13068
13067
13066
13065
13064
13063
13062
13061
13060
13059
13058
13057
13056
13055
13054
13053
13052
13051
13050
13049
13048
13041
13036
13035
13034
13033
13032
13031
13030
13029
13028
13027
13026
13025
13024
13023
13022
13021
13020
13019
13018
13017
13016
13015
13014
13013
13012
13011
13010
13009
13008
12300
12299
11820
11747
11745
11738
11674
11645
11634
11631
11508
11504
11503
11245
11096
11036
10995
10936
10921
10831
10828
10733
10732
10731
10729
10728
10727
10726
5913
10725
10724
10723
10722
10721
10720
10719
10717
10716
10715
10390
10389
10386
10383
10382
10381
10380
10379
10378
10377
10376
10375
10111
4367
4379
4391
4405
4352
4353
4354
4590
4592
4593
4595
4597
4599
4601
4603
4605
4607
4609
4611
4613
4615
4617
4619
4623
4622
4625
4627
4628
4629
4630
4631
4632
4633
4634
4635
4637
4638
4639
4640
4641
4642
4644
4646
4648
4650
4651
4652
4653
4654
4655
4656
4657
4659
4658
4660
4661
4662
4665
4666
4667
4668
4669
5187
5908
6064
6066
6068
6070
6072
6074
6076
6078
6080
9921
6082
6083
7391
7393
7395
7399
7398
7400
7402
7404
7405
7406
7407
7409
7411
7412
7413
7414
7415
8731
8732
8736
8738
8737
8825
8828
8830
8832
8834
8836
8838
8841
8843
8845
8847
8849
8850
8853
8857
8859
8861
8864
8866
8869
8877
10029
8880
8883
8886
8893
8899
8901
8903
8905
10030
8908
8911
8914
8916
8921
8747
8749
8753
8754
8756
8759
8761
8762
8764
8763
10028
8773
8775
8777
8779
8781
8783
8787
8794
8796
8799
8801
8804
8806
8807
8809
8813
19142
19127
18949
18938
18871
16120
18869
18868
18867
18444
18443
18389
18388
18387
18386
18385
18383
18382
18381
18380
18379
18378
18377
18376
18375
18374
18373
18372
18371
18370
18369
18368
18367
18366
18365
18364
18363
18362
18361
18360
18359
18358
18357
18356
18355
18354
18353
18352
18351
18350
18349
18348
18347
18346
18345
18344
18343
18342
18341
18340
18339
18338
18337
18336
18335
18334
18333
18332
18331
18330
18329
18328
18327
18326
18325
18324
18323
18322
18321
18320
18319
18318
18317
18316
18315
18314
18176
18175
18174
18173
16043
16022
15996
15927
15832
15643
15565
15527
15256
15503
15351
15350
15318
15244
15096
12136
15064
15030
14988
14987
14986
14985
14983
14982
14981
14980
14979
14978
14977
14976
14975
14973
14972
14971
14970
14969
14968
14967
14966
14964
14963
14962
14961
14960
14959
14958
14957
14956
14955
14954
14953
14952
14951
14950
14949
14948
14947
14946
14945
14944
14943
14942
14941
14940
14939
14938
14937
14936
14935
14934
14933
14932
14931
14930
14929
14928
14927
14926
14925
14924
14923
14922
14921
14920
14919
14918
14917
14916
14915
14914
14913
14912
14764
14763
14762
11852
11821
11775
11651
11578
11529
11490
11246
10891
10840
10832
11288
10798
10797
8726
8727
8728
9173
9226
9233
9252
9251
9253
9254
9255
9256
9258
9260
9262
9264
9266
9268
9270
9272
9274
9276
9278
9281
9283
10035
9286
9287
9288
9289
9290
9291
9292
9293
9294
9295
9296
9298
9299
9300
9301
9303
9304
9306
9308
9310
9311
9312
9313
9314
9315
9316
9317
9318
9319
9320
9322
9324
9325
9326
9327
9328
9329
9330
9332
9333
9334
9335
9336
9337
9338
9339
9340
9343
9348
8733
3095
9349
19120
19053
17420
17278
17229
17228
17227
17226
17225
17224
17223
17222
17221
17220
16140
16124
16127
13579
13578
13577
13576
13575
13574
13573
13572
13556
13555
13418
13372
13371
11918
11675
5032
5034
5122
11656
5288
5308
5307
5310
5309
5312
5311
5314
5313
15542
10997
10967
10890
5038
5079
5081
5083
5085
5126
5128
5129
5290
5289
5130
5131
5133
5134
5137
5138
5139
5140
5141
5142
5291
5292
8678
8682
10885
5042
5041
5044
5048
5047
5049
5051
5087
5089
5091
5093
5118
5125
5144
5145
5146
5149
5150
5151
5152
5154
5155
5156
5158
5159
5161
5163
5165
5166
5170
17336
17335
17334
17333
17332
17331
17330
17328
17327
17326
17325
17324
17323
17322
17321
17320
17319
17318
17317
17316
17263
17262
17261
17239
17238
15763
15754
15624
15331
13475
13474
13473
13472
13471
13470
13469
13467
13466
13465
13464
13463
13462
13461
13460
13459
13458
13457
13456
13455
13404
13403
13402
13380
10929
10122
5053
5097
5099
5100
5172
5173
5174
5175
5178
5179
5180
5181
5182
5184
5185
5186
5188
5189
5191
5192
5193
5194
5197
8540
8542
18948
17725
17434
17433
17432
17431
17430
17429
17428
17427
17426
17425
17419
17418
17417
17416
17415
17414
17413
17412
17411
17410
17409
17408
17406
17405
17404
17403
17402
17401
17400
17399
17398
17397
17396
17395
17394
17393
17392
17391
17390
17389
17388
17387
17386
17385
17384
17383
17382
17381
17380
17379
17378
17377
17376
17375
17374
17373
17372
17371
17370
17369
17368
17367
17366
17365
17364
17363
17362
17277
17276
17275
17272
17271
17260
17251
17250
17249
17248
17247
17246
17245
17244
15645
15639
15589
15207
13571
13570
13569
13568
13567
13566
13565
13564
13563
13562
13561
13554
13553
13552
13551
13550
13548
13547
13546
13545
13544
13543
13541
13540
13539
13538
13537
13536
13535
13534
13533
13532
13531
13530
13529
13528
13527
13526
13525
13524
13523
13522
13521
13520
13519
13518
13517
13516
13515
13514
13513
13512
13511
13509
13508
13507
13506
13505
13504
13503
13502
13501
13500
13417
13416
13415
13413
13412
13401
13392
13391
13390
13389
13388
13387
13386
13385
11851
11579
11517
11514
11330
10973
11130
10894
10827
10403
10402
10374
10373
4328
4361
5063
5065
5067
5069
5071
5073
5074
5075
5095
5115
5116
5119
5120
5121
5226
5227
5228
5229
5230
5231
5232
5233
5234
5236
5237
5238
5239
5240
5241
5242
5243
5244
5245
5246
5247
5248
5249
5250
5251
5252
5254
5255
5256
5257
5259
5260
5261
5262
5263
5264
5267
5268
5269
5271
5272
5273
5274
5275
5276
5277
5278
5279
5280
5281
5282
5283
5284
5285
5286
5295
5296
5301
5302
5303
5304
5305
5306
5954
9171
19139
18918
17361
17360
17359
17358
17357
17356
17355
17354
17353
17352
17351
17350
17349
17348
17347
17346
17345
17344
17343
17342
17341
17340
17339
17338
17337
17274
17270
17269
17268
17267
17266
17265
17264
17243
17242
17241
17240
15868
15826
15762
15759
15405
15312
15211
15204
13499
13498
13497
13496
13495
13494
13493
13492
13491
13490
13489
13488
13487
13486
13485
13483
13482
13481
13480
13479
13478
13477
13476
13411
13410
13409
13408
13407
13406
13405
13384
13383
13382
13381
12303
11870
11850
11838
11777
11477
11248
10966
10935
10934
5056
5057
5059
5060
5062
5103
5105
5107
5109
5111
5112
5114
5199
5200
5201
5202
5203
5204
5205
5206
5207
5208
5209
5210
5212
5213
5214
5215
5216
5217
5218
5220
5222
5223
5224
8598
8611
19128
18917
18897
17424
17423
17422
17421
17315
17314
17313
17312
17311
17310
17309
17308
17307
17306
17305
17304
17303
17302
17301
17300
17299
17298
17297
17296
17295
17294
17293
17292
17291
17290
17289
17288
17287
17286
17285
17284
17283
17282
17281
17280
17279
17273
17259
17258
17257
17256
17255
17254
17253
17252
17237
17236
17235
17234
17233
17232
17231
17230
15783
15703
15657
15655
13560
15594
13559
15217
13454
13373
13453
13374
13452
13375
13451
13434
13450
13376
13449
13433
13448
13377
13447
13432
13446
13378
13445
13431
13444
13379
13443
13430
13442
13393
13441
13429
13440
13394
13439
13428
13438
13395
13437
13427
13436
13396
13435
13426
13397
13425
13398
13424
13399
13423
13400
13422
13414
13420
13419
